Incident Matrix
   |   1   2   3   4   5   6   7   8   9  10  11  12  13  14  15  16  17  18  19  20  21  22  23  24  25  26  27  28  29  30  31  32  33  34  35  36  37  38  39  40  41  42  43  44  45  46  47  48  49  50  51  52  53  54  55  56  57  58  59  60  61  62  63  64  65  66  67  68  69  70  71  72  73  74  75  76  77  78  79  80  81  82  83  84  85  86  87  88  89  90  91  92  93  94  95  96  97  98  99 100 101 102 103 104 105 106 107 108 109 110 111 112 113 114 115 116 117 118 119 120 121
---|----------------------------------------------------------------------------------------------------------------------------------------------------------------------------------------------------------------------------------------------------------------------------------------------------------------------------------------------------------------------------------------------------------------------------------------------------------------------------------------------------
  1|  -1   1  -1   1  -1   1  -1   1   0   0   0   0   0   0   0   0   0   0   0   0   0   0   0   0   0   0   0   0   0   0   0   0   0   0   0   0   0   0   0   0   0   0   0   0   0   0   0   0   0   0   0   0   0   0   0   0   0   0   0   0   0   0   0   0   0   0   0   0   0   0   0   0   0   0   0   0   0   0   0   0   0   0   0   0   0   0   0   0   0   0   0   0   0   0   0   0   0   0   0   0   0   0   0   0   0   0   0   0   0   0   0   0   0   0   0   0   0   0   0   0   0
  2|   0   0   0   0   0   0   0   0  -1   1  -1   1  -1   1  -1   1  -1   1   0   0   0   0   0   0   0   0   0   0   0   0   0   0   0   0   0   0   0   0   0   0   0   0   0   0   0   0   0   0   0   0   0   0   0   0   0   0   0   0   0   0   0   0   0   0   0   0   0   0   0   0   0   0   0   0   0   0   0   0   0   0   0   0   0   0   0   0   0   0   0   0   0   0   0   0   0   0   0   0   0   0   0   0   0   0   0   0   0   0   0   0   0   0   0   0   0   0   0   0   0   0   0
  3|   0   0   0   0   0   0   0   0   0   0   0   0   0   0   0   0   0   0   2  -1   1  -1   1  -1   1  -1   1  -1   1  -1   1   0   0   0   0   0   0   0   0   0   0   0   0   0   0   0   0   0   0   0   0   0   0   0   0   0   0   0   0   0   0   0   0   0   0   0   0   0   0   0   0   0   0   0   0   0   0   0   0   0   0   0   0   0   0   0   0   0   0   0   0   0   0   0   0   0   0   0   0   0   0   0   0   0   0   0   0   0   0   0   0   0   0   0   0   0   0   0   0   0   0
  4|   0   0   0   0   0   0   0   0   1  -1   0   0   0   0   0   0   0   0   0   0   0   0   0   0   0   0   0   0   0   0   0  -1   1  -1   1  -1   1   0   0   0   0   0   0   0   0   0   0   0   0   0   0   0   0   0   0   0   0   0   0   0   0   0   0   0   0   0   0   0   0   0   0   0   0   0   0   0   0   0   0   0   0   0   0   0   0   0   0   0   0   0   0   0   0   0   0   0   0   0   0   0   0   0   0   0   0   0   0   0   0   0   0   0   0   0   0   0   0   0   0   0   0
  5|   1  -1   0   0   0   0   0   0   0   0   0   0   0   0   0   0   0   0   0   0   0   0   0   0   0   0   0   0   0   0   0   0   0   0   0   0   0   2  -1   1  -1   1  -1   1   0   0   0   0   0   0   0   0   0   0   0   0   0   0   0   0   0   0   0   0   0   0   0   0   0   0   0   0   0   0   0   0   0   0   0   0   0   0   0   0   0   0   0   0   0   0   0   0   0   0   0   0   0   0   0   0   0   0   0   0   0   0   0   0   0   0   0   0   0   0   0   0   0   0   0   0   0
  6|   0   0   0   0   0   0   0   0   0   0   1  -1   0   0   0   0   0   0   0   1  -1   0   0   0   0   0   0   0   0   0   0   0   0   0   0   0   0   0   0   0   0   0   0   0  -1   1  -1   1  -1   1  -1   1   0   0   0   0   0   0   0   0   0   0   0   0   0   0   0   0   0   0   0   0   0   0   0   0   0   0   0   0   0   0   0   0   0   0   0   0   0   0   0   0   0   0   0   0   0   0   0   0   0   0   0   0   0   0   0   0   0   0   0   0   0   0   0   0   0   0   0   0   0
  7|   0   0   0   0   0   0   0   0   0   0   0   0   0   0   0   0   0   0   0   0   0   0   0   0   0   0   0   0   0   0   0   0   0   0   0   0   0   0   0   0   0   0   0   0   0   0   0   0   0   0   0   0  -1   1  -1   1  -1   1  -1   1  -1   1  -1   1   0   0   0   0   0   0   0   0   0   0   0   0   0   0   0   0   0   0   0   0   0   0   0   0   0   0   0   0   0   0   0   0   0   0   0   0   0   0   0   0   0   0   0   0   0   0   0   0   0   0   0   0   0   0   0   0   0
  8|   0   0   0   0   0   0   0   0   0   0   0   0   0   0   0   0   0   0   0   0   0   1  -1   0   0   0   0   0   0   0   0   0   0   0   0   0   0   0   0   0   0   0   0   0   0   0   0   0   0   0   0   0   1  -1   0   0   0   0   0   0   0   0   0   0  -1   1  -1   1  -1   1  -1   1  -1   1  -1   1  -1   1  -1   1   0   0   0   0   0   0   0   0   0   0   0   0   0   0   0   0   0   0   0   0   0   0   0   0   0   0   0   0   0   0   0   0   0   0   0   0   0   0   0   0   0
  9|   0   0   0   0   0   0   0   0   0   0   0   0   1  -1   0   0   0   0   0   0   0   0   0   0   0   0   0   0   0   0   0   0   0   0   0   0   0   0   1  -1   0   0   0   0   0   0   0   0   0   0   0   0   0   0   0   0   0   0   0   0   0   0   0   0   0   0   0   0   0   0   0   0   0   0   0   0   0   0   0   0  -1   1  -1   1  -1   1   0   0   0   0   0   0   0   0   0   0   0   0   0   0   0   0   0   0   0   0   0   0   0   0   0   0   0   0   0   0   0   0   0   0   0
 10|   0   0   1  -1   0   0   0   0   0   0   0   0   0   0   0   0   0   0   0   0   0   0   0   0   0   0   0   0   0   0   0   1  -1   0   0   0   0   0   0   0   1  -1   0   0   1  -1   0   0   0   0   0   0   0   0   0   0   0   0   0   0   0   0   0   0   1  -1   0   0   0   0   0   0   0   0   0   0   0   0   0   0   1  -1   0   0   0   0   2  -1   1  -1   1  -1   1   0   0   0   0   0   0   0   0   0   0   0   0   0   0   0   0   0   0   0   0   0   0   0   0   0   0   0   0
 11|   0   0   0   0   0   0   0   0   0   0   0   0   0   0   1  -1   0   0   0   0   0   0   0   0   0   0   0   0   0   0   0   0   0   0   0   0   0   0   0   0   0   0   1  -1   0   0   0   0   0   0   0   0   0   0   0   0   0   0   0   0   0   0   0   0   0   0   1  -1   0   0   0   0   0   0   0   0   0   0   0   0   0   0   0   0   0   0   0   1  -1   0   0   0   0  -1   1  -1   1  -1   1   0   0   0   0   0   0   0   0   0   0   0   0   0   0   0   0   0   0   0   0   0   0
 12|   0   0   0   0   0   0   0   0   0   0   0   0   0   0   0   0   0   0   0   0   0   0   0   0   0   0   0   0   0   0   0   0   0   0   0   0   0   0   0   0   0   0   0   0   0   0   0   0   0   0   0   0   0   0   0   0   0   0   0   0   0   0   0   0   0   0   0   0   1  -1   0   0   0   0   0   0   0   0   0   0   0   0   0   0   0   0   0   0   0   0   0   0   0   1  -1   0   0   0   0  -1   1  -1   1  -1   1  -1   1   0   0   0   0   0   0   0   0   0   0   0   0   0   0
 13|   0   0   0   0   0   0   0   0   0   0   0   0   0   0   0   0   0   0   0   0   0   0   0   1  -1   0   0   0   0   0   0   0   0   0   0   0   0   0   0   0   0   0   0   0   0   0   0   0   0   0   0   0   0   0   1  -1   0   0   0   0   0   0   0   0   0   0   0   0   0   0   1  -1   0   0   0   0   0   0   0   0   0   0   1  -1   0   0   0   0   0   1  -1   0   0   0   0   1  -1   0   0   1  -1   0   0   0   0   0   0   0   0   0   0   0   0   0   0   0   0   0   0   0   0
 14|   0   0   0   0   0   0   0   0   0   0   0   0   0   0   0   0   0   0   0   0   0   0   0   0   0   1  -1   0   0   0   0   0   0   0   0   0   0   0   0   0   0   0   0   0   0   0   0   0   0   0   0   0   0   0   0   0   1  -1   0   0   0   0   0   0   0   0   0   0   0   0   0   0   1  -1   0   0   0   0   0   0   0   0   0   0   1  -1   0   0   0   0   0   0   0   0   0   0   0   1  -1   0   0   1  -1   0   0   0   0  -1   1  -1   1   0   0   0   0   0   0   0   0   0   0
 15|   0   0   0   0   0   0   0   0   0   0   0   0   0   0   0   0   0   0   0   0   0   0   0   0   0   0   0   1  -1   0   0   0   0   0   0   0   0   0   0   0   0   0   0   0   0   0   1  -1   0   0   0   0   0   0   0   0   0   0   0   0   0   0   0   0   0   0   0   0   0   0   0   0   0   0   1  -1   0   0   0   0   0   0   0   0   0   0   0   0   0   0   0   0   0   0   0   0   0   0   0   0   0   0   0   0   0   0   0   0   0   0   0  -1   1   0   0   0   0   0   0   0   0
 16|   0   0   0   0   0   0   0   0   0   0   0   0   0   0   0   0   0   0   0   0   0   0   0   0   0   0   0   0   0   0   0   0   0   0   0   0   0   0   0   0   0   0   0   0   0   0   0   0   1  -1   0   0   0   0   0   0   0   0   0   0   0   0   0   0   0   0   0   0   0   0   0   0   0   0   0   0   0   0   0   0   0   0   0   0   0   0   0   0   0   0   0   0   0   0   0   0   0   0   0   0   0   0   0   0   0   0   0   0   0   0   0   0   0   2  -1   1  -1   1   0   0   0
 17|   0   0   0   0   0   0   0   0   0   0   0   0   0   0   0   0   0   0   0   0   0   0   0   0   0   0   0   0   0   0   0   0   0   1  -1   0   0   0   0   0   0   0   0   0   0   0   0   0   0   0   0   0   0   0   0   0   0   0   1  -1   0   0   0   0   0   0   0   0   0   0   0   0   0   0   0   0   1  -1   0   0   0   0   0   0   0   0   0   0   0   0   0   1  -1   0   0   0   0   0   0   0   0   0   0   0   0   0   0   0   0   0   0   0   0   0   0   0   0   0   0   0   0
 18|   0   0   0   0   1  -1   0   0   0   0   0   0   0   0   0   0   1  -1   0   0   0   0   0   0   0   0   0   0   0   0   0   0   0   0   0   1  -1   0   0   0   0   0   0   0   0   0   0   0   0   0   0   0   0   0   0   0   0   0   0   0   1  -1   0   0   0   0   0   0   0   0   0   0   0   0   0   0   0   0   0   0   0   0   0   0   0   0   0   0   0   0   0   0   0   0   0   0   0   0   0   0   0   0   0   0   0   0   0   1  -1   0   0   0   0   0   0   0   0   0  -1   1   0
 19|   0   0   0   0   0   0   0   0   0   0   0   0   0   0   0   0   0   0   0   0   0   0   0   0   0   0   0   0   0   1  -1   0   0   0   0   0   0   0   0   0   0   0   0   0   0   0   0   0   0   0   1  -1   0   0   0   0   0   0   0   0   0   0   1  -1   0   0   0   0   0   0   0   0   0   0   0   0   0   0   1  -1   0   0   0   0   0   0   0   0   0   0   0   0   0   0   0   0   0   0   0   0   0   0   0   1  -1   0   0   0   0   1  -1   1  -1   0   1  -1   0   0   1  -1   0
 20|   0   0   0   0   0   0   1  -1   0   0   0   0   0   0   0   0   0   0   0   0   0   0   0   0   0   0   0   0   0   0   0   0   0   0   0   0   0   0   0   0   0   0   0   0   0   0   0   0   0   0   0   0   0   0   0   0   0   0   0   0   0   0   0   0   0   0   0   0   0   0   0   0   0   0   0   0   0   0   0   0   0   0   0   0   0   0   0   0   0   0   0   0   0   0   0   0   0   0   0   0   0   0   0   0   0   1  -1   0   0   0   0   0   0   0   0   0   1  -1   0   0   2


Adjacency Matrix
   |   1   2   3   4   5   6   7   8   9  10  11  12  13  14  15  16  17  18  19  20
---|--------------------------------------------------------------------------------
  1|   0   0   0   0   1   0   0   0   0   1   0   0   0   0   0   0   0   1   0   1
  2|   0   0   0   1   0   1   0   0   1   0   1   0   0   0   0   0   0   1   0   0
  3|   0   0   1   0   0   1   0   1   0   0   0   0   1   1   1   0   0   0   1   0
  4|   0   1   0   0   0   0   0   0   0   1   0   0   0   0   0   0   1   1   0   0
  5|   1   0   0   0   1   0   0   0   1   1   1   0   0   0   0   0   0   0   0   0
  6|   0   1   1   0   0   0   0   0   0   1   0   0   0   0   1   1   0   0   1   0
  7|   0   0   0   0   0   0   0   1   0   0   0   0   1   1   0   0   1   1   1   0
  8|   0   0   1   0   0   0   1   0   0   1   1   1   1   1   1   0   1   0   1   0
  9|   0   1   0   0   1   0   0   0   0   1   0   0   1   1   0   0   0   0   0   0
 10|   1   0   0   1   1   1   0   1   1   1   1   0   1   0   0   0   1   0   0   0
 11|   0   1   0   0   1   0   0   1   0   1   0   1   1   1   0   0   0   0   0   0
 12|   0   0   0   0   0   0   0   1   0   0   1   0   1   1   0   0   0   0   1   1
 13|   0   0   1   0   0   0   1   1   1   1   1   1   0   0   0   0   0   0   0   0
 14|   0   0   1   0   0   0   1   1   1   0   1   1   0   0   0   0   0   1   1   0
 15|   0   0   1   0   0   1   0   1   0   0   0   0   0   0   0   0   0   0   1   0
 16|   0   0   0   0   0   1   0   0   0   0   0   0   0   0   0   1   0   0   1   1
 17|   0   0   0   1   0   0   1   1   0   1   0   0   0   0   0   0   0   0   0   0
 18|   1   1   0   1   0   0   1   0   0   0   0   0   0   1   0   0   0   0   1   0
 19|   0   0   1   0   0   1   1   1   0   0   0   1   0   1   1   1   0   1   0   0
 20|   1   0   0   0   0   0   0   0   0   0   0   1   0   0   0   1   0   0   0   1


Граф неоднорідний!
---|---
  1|  8
  2| 10
  3| 14
  4|  8
  5| 10
  6| 12
  7| 12
  8| 20
  9| 10
 10| 20
 11| 14
 12| 12
 13| 14
 14| 16
 15|  8
 16|  8
 17|  8
 18| 12
 19| 18
 20|  8


Напівстепені входу
---|---
  1|  4
  2|  5
  3|  7
  4|  4
  5|  5
  6|  6
  7|  6
  8| 10
  9|  5
 10| 10
 11|  7
 12|  6
 13|  7
 14|  8
 15|  4
 16|  4
 17|  4
 18|  6
 19|  9
 20|  4


Напівстепені виходу
---|---
  1|  4
  2|  5
  3|  7
  4|  4
  5|  5
  6|  6
  7|  6
  8| 10
  9|  5
 10| 10
 11|  7
 12|  6
 13|  7
 14|  8
 15|  4
 16|  4
 17|  4
 18|  6
 19|  9
 20|  4


Ізольовані вершини: Не існує

Висячі вершини: Не існує