Матриця Відстаней
   |   1   2   3   4   5   6   7   8   9  10
---|----------------------------------------
  1|   2   2   2   2   2   2   3   1   3   1
  2|   4   2   2   2   3   1   4   1   1   5
  3|   2   3   4   4   1   4   2   3   4   3
  4|   2   3   4   4   1   4   2   3   4   3
  5|   1   2   3   3   3   3   1   2   3   2
  6|   6   2   4   4   5   3   6   3   1   7
  7|   2   1   2   2   2   2   3   1   2   1
  8|   3   3   1   1   2   1   3   4   2   4
  9|   5   1   3   3   4   2   5   2   1   6
 10|   1   1   1   3   1   2   2   2   2   2


Матриця Досяжності
   |   1   2   3   4   5   6   7   8   9  10
---|----------------------------------------
  1|   1   1   1   1   1   1   1   1   1   1
  2|   1   1   1   1   1   1   1   1   1   1
  3|   1   1   1   1   1   1   1   1   1   1
  4|   1   1   1   1   1   1   1   1   1   1
  5|   1   1   1   1   1   1   1   1   1   1
  6|   1   1   1   1   1   1   1   1   1   1
  7|   1   1   1   1   1   1   1   1   1   1
  8|   1   1   1   1   1   1   1   1   1   1
  9|   1   1   1   1   1   1   1   1   1   1
 10|   1   1   1   1   1   1   1   1   1   1


Цикли:
[ 1 8 3 5 1 ]
[ 2 6 9 2 ]
[ 4 5 1 8 4 ]
[ 5 7 2 8 3 5 ]
[ 7 2 8 3 5 7 ]
[ 8 4 5 1 8 ]
[ 10 2 8 3 5 1 10 ]

Граф є сильнозв'язним
