Матриця Відстаней
   |   1   2   3   4   5   6   7   8   9  10  11  12  13  14  15  16  17  18  19  20
---|--------------------------------------------------------------------------------
  1|   0   0   0   0   0   0   0   0   1   0   0   0   0   0   0   0   0   0   0   0
  2|   5   5   0   1   4   0   3   0   6   0   0   0   0   0   0   0   2   1   0   0
  3|   0   0   0   0   0   0   0   0   0   0   0   0   0   0   0   0   0   0   0   0
  4|   4   4   0   2   3   0   2   0   5   0   0   0   0   0   0   0   1   5   0   0
  5|   1   1   0   2   1   0   4   0   2   0   0   0   0   0   0   0   3   2   0   0
  6|   2   2   0   3   1   0   2   0   1   0   1   1   2   0   0   0   2   1   2   0
  7|   2   2   0   3   1   0   5   0   3   0   0   0   0   0   0   0   4   3   0   0
  8|   1   0   0   0   0   0   0   0   2   0   0   0   0   0   0   0   0   0   0   0
  9|   0   0   0   0   0   0   0   0   0   0   0   0   0   0   0   0   0   0   0   0
 10|   0   0   0   0   0   0   0   0   0   1   0   0   0   0   0   0   0   0   0   0
 11|   3   3   0   2   2   0   1   0   4   0   0   1   2   0   0   0   1   4   2   0
 12|   0   0   0   0   0   0   0   0   0   0   0   2   1   0   0   0   0   0   1   0
 13|   0   0   0   0   0   0   0   0   0   0   0   1   2   0   0   0   0   0   2   0
 14|   4   4   0   2   3   0   2   0   5   0   1   2   3   0   0   0   1   5   3   0
 15|   3   3   0   4   2   0   1   0   4   0   0   1   2   0   0   0   5   4   2   0
 16|   0   0   0   0   0   0   0   0   0   0   0   0   0   0   0   0   0   0   0   0
 17|   3   3   0   1   2   0   1   0   4   0   0   0   0   0   0   0   2   4   0   0
 18|   0   0   0   0   0   0   0   0   0   0   0   0   0   0   0   0   0   0   0   0
 19|   0   0   0   0   0   0   0   0   0   0   0   0   0   0   0   0   0   0   0   0
 20|   0   0   0   0   0   0   0   0   0   0   0   0   0   0   0   0   0   0   0   0


Матриця Досяжності
   |   1   2   3   4   5   6   7   8   9  10  11  12  13  14  15  16  17  18  19  20
---|--------------------------------------------------------------------------------
  1|   1   0   0   0   0   0   0   0   1   0   0   0   0   0   0   0   0   0   0   0
  2|   1   1   0   1   1   0   1   0   1   0   0   0   0   0   0   0   1   1   0   0
  3|   0   0   1   0   0   0   0   0   0   0   0   0   0   0   0   0   0   0   0   0
  4|   1   1   0   1   1   0   1   0   1   0   0   0   0   0   0   0   1   1   0   0
  5|   1   1   0   1   1   0   1   0   1   0   0   0   0   0   0   0   1   1   0   0
  6|   1   1   0   1   1   1   1   0   1   0   1   1   1   0   0   0   1   1   1   0
  7|   1   1   0   1   1   0   1   0   1   0   0   0   0   0   0   0   1   1   0   0
  8|   1   0   0   0   0   0   0   1   1   0   0   0   0   0   0   0   0   0   0   0
  9|   0   0   0   0   0   0   0   0   1   0   0   0   0   0   0   0   0   0   0   0
 10|   0   0   0   0   0   0   0   0   0   1   0   0   0   0   0   0   0   0   0   0
 11|   1   1   0   1   1   0   1   0   1   0   1   1   1   0   0   0   1   1   1   0
 12|   0   0   0   0   0   0   0   0   0   0   0   1   1   0   0   0   0   0   1   0
 13|   0   0   0   0   0   0   0   0   0   0   0   1   1   0   0   0   0   0   1   0
 14|   1   1   0   1   1   0   1   0   1   0   1   1   1   1   0   0   1   1   1   0
 15|   1   1   0   1   1   0   1   0   1   0   0   1   1   0   1   0   1   1   1   0
 16|   0   0   0   0   0   0   0   0   0   0   0   0   0   0   0   1   0   0   0   0
 17|   1   1   0   1   1   0   1   0   1   0   0   0   0   0   0   0   1   1   0   0
 18|   0   0   0   0   0   0   0   0   0   0   0   0   0   0   0   0   0   1   0   0
 19|   0   0   0   0   0   0   0   0   0   0   0   0   0   0   0   0   0   0   1   0
 20|   0   0   0   0   0   0   0   0   0   0   0   0   0   0   0   0   0   0   0   1

Цикли:
[ 2 4 17 7 5 2 ]
[ 7 5 2 4 17 7 ]
[ 12 13 12 ]
[ 17 4 17 ]

Граф є незв'язним